salidas con parametros de entrada 1
tiempos(min)       volumen (L)          concentracion(mol/L)
0.0         	      1500.0          	  20.0
1.0         	      1500.0          	  20.0
2.0         	      1500.0          	  20.0
3.0         	      1500.0          	  20.0
4.0         	      1500.0          	  20.0
5.0         	      1500.0          	  20.0
6.0         	      1500.0          	  20.0
7.0         	      1500.0          	  20.0
8.0         	      1500.0          	  20.0
9.0         	      1500.0          	  20.0
10.0         	      1500.0          	  20.0
11.0         	      1500.0          	  20.0
12.0         	      1500.0          	  20.0
13.0         	      1500.0          	  20.0
14.0         	      1500.0          	  20.0
15.0         	      1500.0          	  20.0
16.0         	      1500.0          	  20.0
17.0         	      1500.0          	  20.0
18.0         	      1500.0          	  20.0
19.0         	      1500.0          	  20.0
20.0         	      1500.0          	  20.0
21.0         	      1500.0          	  20.0
22.0         	      1500.0          	  20.0
23.0         	      1500.0          	  20.0
24.0         	      1500.0          	  20.0
25.0         	      1500.0          	  20.0
               
salidas con parametros de entrada 2
tiempos(min)       volumen (L)          concentracion(mol/L)
0.0         	      1500.22          	  1.26
1.0         	      1715.21          	  8.95
2.0         	      1930.21          	  14.01
3.0         	      2145.21          	  17.49
4.0         	      2360.22          	  19.98
5.0         	      2575.22          	  21.82
6.0         	      2790.22          	  23.21
7.0         	      3005.22          	  24.29
8.0         	      3220.22          	  25.14
9.0         	      3435.22          	  25.82
10.0         	      3650.22          	  26.37
11.0         	      3865.22          	  26.82
12.0         	      4080.22          	  27.2
13.0         	      4295.22          	  27.51
14.0         	      4510.22          	  27.78
15.0         	      4725.22          	  28.01
16.0         	      4940.22          	  28.2
17.0         	      5155.22          	  28.37
18.0         	      5370.22          	  28.52
19.0         	      5585.22          	  28.65
20.0         	      5800.22          	  28.76
21.0         	      6015.22          	  28.86
22.0         	      6230.22          	  28.95
23.0         	      6445.22          	  29.03
24.0         	      6660.22          	  29.1
25.0         	      6875.22          	  29.17
               
salidas con parametros de entrada 3
tiempos(min)       volumen (L)          concentracion(mol/L)
0.0         	      1500.06          	  20.0
1.0         	      1561.06          	  20.0
2.0         	      1622.06          	  20.0
3.0         	      1683.06          	  20.0
4.0         	      1744.06          	  20.0
5.0         	      1805.06          	  20.0
6.0         	      1866.06          	  20.0
7.0         	      1927.06          	  20.0
8.0         	      1988.06          	  20.0
9.0         	      2049.06          	  20.0
10.0         	      2110.06          	  20.0
11.0         	      2171.06          	  20.0
12.0         	      2232.06          	  20.0
13.0         	      2293.06          	  20.0
14.0         	      2354.06          	  20.0
15.0         	      2415.06          	  20.0
16.0         	      2476.06          	  20.0
17.0         	      2537.06          	  20.0
18.0         	      2598.06          	  20.0
19.0         	      2659.06          	  20.0
20.0         	      2720.06          	  20.0
21.0         	      2781.06          	  20.0
22.0         	      2842.06          	  20.0
23.0         	      2903.06          	  20.0
24.0         	      2964.06          	  20.0
25.0         	      3025.06          	  20.0
